1814170
1814188
1814196
1814209
1814217
1814225
1814233
1814241
1814250
1814268
1814217
1835018
1814276
1814284
1815480
1815498
1816298
1824651
1824669
1824677
1824685
1815519
1815501
1824693
1815535
1815543
1815551
1816319
1816327
1815560
1816351
1816360
1822049
1824731
1819341
1822701
1822057
1822065
1824706
1824714
1824722
1815578
1815586
1815594
1815607
1815615
1814268
1840503
1824749
1824757
1824765
1814153
1822778
1798675
1798675
1816706
1798632
1798632
1816301
1814882
1835237
1801985
1801951
1806313
1825400
1811884
1825418
1819350